make[1]: Entering directory '/home/runner/work/dsl-accounts/dsl-accounts'
git describe --always --dirty
c09022a

./balance.py --split grid --display_days_prev 410
                    2025-06  2025-07  2025-08  2025-09  2025-10  2025-11  2025-12  2026-01  2026-02  2026-03  2026-04  2026-05  2026-06 [2026-07] 2026-08 
bills:br               -183     -187     -183     -183     -183     -183     -183     -183     -183     -183     -183     -183     -183                  
bills:electricity      -647     -584     -618     -617     -897     -656     -360     -304     -252                                                      
bills:internet         -398     -398     -398     -398     -398     -398     -398                                                                        
bills:meetup           -113     -113     -113     -113                                                                                                   
bills:rent           -14400   -14400   -14400   -14400   -14400   -14400   -14400   -14400   -14400   -14400   -14400   -14400   -14400   -14700         
bills:water                                         -6       -3       -3       -3                                                                        
donation                                                    440      190      630                        200      377                50                  
dues:adam                                                                                                         700                                    
dues:alex               700      700      700      700      700      700      700      700      700      700      700      700      700                  
dues:antonia            700      700      700      700      700      700      700      700      700      700      700      700      700      700         
dues:archer             700      700      700      700                                                                                                   
dues:arroy1337                                                                                                             700      700                  
dues:benj                                                                                                                  700      700                  
dues:corilam                                                                                                               700                           
dues:darkangel          666      666      666      666      666      666      666      666      666      666      666      666      666      666         
dues:david              700               700      700                                                                                                   
dues:ella               300      300      300      300      300      300      300      300      300      300      300      300      300      300         
dues:felix             1000     1000     1000     1000     1000     1000     1000     1000     1000     1000     1000     1000     1000      700         
dues:gabriel            700      700      700      700      700      700      700      700      700      700      700      700      700                  
dues:hans                                          700      700                                                   700                                    
dues:henrylaw                                                                                                              700      700                  
dues:iulian             700      700      700      700      700      700      700      700      700      700      700      700      700                  
dues:jane                                                   300                                                                                          
dues:jay                                                   1024     1024     1024     1024     1024     1024     1024     1024     1024     1024         
dues:jerry             1000     1000     1000     1000     2000     2000     2000     2000     2000     2000     2000     2000     2000                  
dues:max                300      300      300                                                                                                            
dues:meebey            1337     1337     1337     1337     1337     1337     1337     1337     1337     1337     1337     1337     1337     1337         
dues:memphislaw                                                                                                                     300                  
dues:mrhill                                                         1000     1000     1000     1000     1000     1000     1000     1000                  
dues:neil              1000     1000     1000     1000     1000     1000     1000     1000     1000     1000     1000     1000      700      700         
dues:nigel              700      700      700      700      700      700      700      700      700      700      700      700      700                  
dues:philip            1024     1024     1024     1024     1024     1024     1024     1024     1024     1024     1024      700      700      700      700
dues:portia             700      700      700      700      700      700      700      700      700      700      700      700      700                  
dues:rhys               700      700      700      700      700      700               700      700      700      700      700      700                  
fridge                                 226.40               300      200      200                        120      200               607                  
supporters              885      885      685      885      985      685      575      775     1085     1040      670      470       90                  
unknown                   0                 0        0        0        0        0        0        0        0        0        0        0                  

MONTH Sub Total       -1929    -2570 -1873.60    -1505       95     -314     -388      139      501     1028     2315     2614     2191    -8573      700
RUNNING Balance    78438.50 75868.50 73994.90 72489.90 72584.90 72270.90 71882.90 72021.90 72522.90 73550.90 75865.90 78479.90 80670.90 72097.90 72797.90
TOTAL:     72797.90

./balance.py --split --filter 'rel_months>-15' stats
                 2025-06    2025-07    2025-08    2025-09    2025-10    2025-11    2025-12    2026-01    2026-02    2026-03    2026-04    2026-05    2026-06    Average    MonthTD      Total
outgoing          -15741     -15682     -15712     -15717     -15881     -15640     -15344     -14887     -14835     -14583     -14583     -14583     -14782     -15229     -14700    -197970
incoming           13812      13112      13838      14212      15976      15326      14956      15026      15336      15611      16898      17197      16973      15251       6127     198273

 dues:             12927      12227      12927      13327      14251      14251      13551      14251      14251      14251      15651      16727      16027      14201       6127     184619
 other:              885        885        911        885       1725       1075       1405        775       1085       1360       1247        470        946       1050          0      13654

nr members            17         16         17         17         17         16         15         16         16         16         18         20         20         17          8         27
ARPM                 760        764        760        783        838        890        903        890        890        890        869        836        801        835        765       6837

members needed
 dues 500             32         32         32         32         32         32         31         30         30         30         30         30         30         31
 dues 700             23         23         23         23         23         23         22         22         22         21         21         21         22         22
 dues 765             21         21         21         21         21         21         21         20         20         20         20         20         20         20
 dues 835             19         19         19         19         20         19         19         18         18         18         18         18         18         19
dues needed
 members 8          1967       1960       1964       1964       1985       1955       1918       1860       1854       1822       1822       1822       1847       1903
 members 17          925        922        924        924        934        920        902        875        872        857        857        857        869        895
 members 30          524        522        523        523        529        521        511        496        494        486        486        486        492        507

Note: Total column does not include MonthTD numbers


make[1]: Leaving directory '/home/runner/work/dsl-accounts/dsl-accounts'
